





                                 ..........................                                      
 ooooooooooooooooooooooooooooo        CURRENT SETTINGS        ooooooooooooooooooooooooooooooooooo
                                 ..........................                                      

                . Sequence filename : 				 ./RV217_20337_v05_REN_NT-ordered.phy
                . Data type :             			 dna
                . Sequence format : 				 sequential
                . Number of data sets : 			 1
                . Nb of bootstrapped data sets : 		 0
                . Model name : 					 GTR
                . Proportion of invariable sites :		 estimated
                . Number of subst. rate categs : 		 4
                . Gamma distribution parameter : 		 estimated
                . 'Middle' of each rate class  : 		 mean
                . Nucleotide equilibrium frequencies : 		 ML
                . Optimise tree topology : 			 yes
                . Tree topology search : 			 Best of NNIs and SPRs
                . Starting tree : 				 BioNJ
                . Add random input tree : 			 no
                . Optimise branch lengths : 			 yes
                . Optimise substitution model parameters : 	 yes
                . Run ID : 					 none

 oooooooooooooooooooooooooooooooooooooooooooooooooooooooooooooooooooooooooooooooooooooooooooooooo



. 22 sites are made from completely undetermined states ('X', '-', '?' or 'N')...

. Compressing sequences...

. 220 patterns found. (out of a total of 3147 sites) 

. 2929 sites without polymorphism (93.07%).

. Computing pairwise distances...

. Building BioNJ tree...

. This analysis requires at least 6Mo of memory space.

- GENEIOUS Distance matrix (before optimisation)

55
DEMO_80_1 0.00000000  0.00038208  0.00064964  0.00064964  0.00097466  0.00064964  0.00064964  0.00064988  0.00032475  0.00784208  0.00358085  0.00032741  0.00423445  0.00423378  0.00488890  0.00459601  0.00423445  0.00456018  0.00390754  0.00390754  0.00488802  0.00456079  0.00488890  0.00423378  0.00849982  0.01015582  0.01146756  0.01146900  0.01312303  0.00916467  0.01015609  0.01447090  0.01246707  0.01646657  0.01914475  0.01914496  0.01813790  0.01947122  0.02081668  0.02485679  0.02452631  0.02452197  0.02486553  0.02452197  0.02452631  0.02482641  0.02452631  0.02486553  0.02520041  0.02452197  0.02452631  0.02791292  0.03235335  0.03337902  0.03062020  
DEMO_56_1 0.00038208  0.00000000  0.00000000  0.00038212  0.00038212  0.00038212  0.00038212  0.00038223  0.00000000  0.00729776  0.00383096  0.00000000  0.00460049  0.00459949  0.00498570  0.00502992  0.00421558  0.00459949  0.00421558  0.00421558  0.00536991  0.00498456  0.00537121  0.00459949  0.00807366  0.01079961  0.01312451  0.01312585  0.01505866  0.00383096  0.00498563  0.01001853  0.00807009  0.01234793  0.01621648  0.01544699  0.01389670  0.01582787  0.01703806  0.02205830  0.02166187  0.02166326  0.02205919  0.02166071  0.02166037  0.02197959  0.02126541  0.02205660  0.02245414  0.02166071  0.02166293  0.02094775  0.02468328  0.02507957  0.02220719  
DEMO_55_1 0.00064964  0.00000000  0.00000000  0.00064977  0.00097474  0.00064977  0.00064977  0.00064985  0.00032478  0.00784361  0.00358146  0.00032744  0.00423527  0.00423445  0.00488994  0.00459696  0.00423527  0.00456079  0.00390826  0.00390826  0.00488890  0.00456157  0.00488994  0.00423445  0.00850172  0.01015731  0.01146900  0.01147060  0.01312486  0.00916648  0.01015823  0.01447112  0.01246933  0.01646934  0.01914794  0.01914848  0.01814107  0.01947435  0.02082027  0.02486108  0.02453082  0.02452631  0.02487016  0.02452631  0.02453082  0.02483086  0.02453082  0.02487016  0.02520499  0.02452631  0.02453082  0.02791809  0.03270071  0.03372673  0.03096635  
DEMO_21_1 0.00064964  0.00038212  0.00064977  0.00000000  0.00097474  0.00064977  0.00064977  0.00064985  0.00032478  0.00784361  0.00358146  0.00032744  0.00423527  0.00423445  0.00488994  0.00459696  0.00423527  0.00456079  0.00390826  0.00390826  0.00488890  0.00456157  0.00488994  0.00423445  0.00850172  0.01015731  0.01146900  0.01147060  0.01312486  0.00916648  0.01015823  0.01447037  0.01246933  0.01646934  0.01914794  0.01914848  0.01814107  0.01947435  0.02082027  0.02486108  0.02453082  0.02452631  0.02487016  0.02452631  0.02453082  0.02483086  0.02453082  0.02487016  0.02520499  0.02452631  0.02453082  0.02791809  0.03270071  0.03372673  0.03096635  
DEMO_62_1 0.00097466  0.00038212  0.00097474  0.00097474  0.00000000  0.00097474  0.00097474  0.00097498  0.00064964  0.00817136  0.00390754  0.00065496  0.00456157  0.00456079  0.00521645  0.00492583  0.00456157  0.00488730  0.00423445  0.00423445  0.00521546  0.00488802  0.00521645  0.00456079  0.00882952  0.01048651  0.01179858  0.01180013  0.01345504  0.00949493  0.01048700  0.01480081  0.01279908  0.01680102  0.01948078  0.01948110  0.01847336  0.01980724  0.02109166  0.02519601  0.02486553  0.02486108  0.02520499  0.02486108  0.02486553  0.02516983  0.02486553  0.02520499  0.02553998  0.02486108  0.02486553  0.02825411  0.03304254  0.03406909  0.03130759  
DEMO_44_1 0.00064964  0.00038212  0.00064977  0.00064977  0.00097474  0.00000000  0.00064977  0.00064985  0.00032478  0.00784361  0.00358146  0.00032744  0.00423527  0.00423445  0.00488994  0.00459696  0.00423527  0.00456079  0.00390826  0.00390826  0.00488890  0.00456157  0.00488994  0.00423445  0.00850172  0.01015731  0.01146900  0.01147060  0.01312486  0.00916648  0.01015823  0.01447112  0.01246933  0.01646934  0.01914794  0.01914848  0.01814107  0.01947435  0.02082027  0.02486108  0.02453082  0.02452631  0.02487016  0.02452631  0.02453082  0.02483086  0.02453082  0.02487016  0.02520499  0.02452631  0.02453082  0.02791809  0.03270071  0.03372673  0.03096635  
DEMO_49_1 0.00064964  0.00038212  0.00064977  0.00064977  0.00097474  0.00064977  0.00000000  0.00064985  0.00032478  0.00784361  0.00358146  0.00032744  0.00423527  0.00423445  0.00488994  0.00459696  0.00423527  0.00456079  0.00390826  0.00390826  0.00488890  0.00456157  0.00488994  0.00423445  0.00850172  0.01015731  0.01146900  0.01147060  0.01312486  0.00916648  0.01015823  0.01447109  0.01246933  0.01646934  0.01914794  0.01914848  0.01814107  0.01947435  0.02082027  0.02486108  0.02453082  0.02452631  0.02487016  0.02452631  0.02453082  0.02483086  0.02453082  0.02487016  0.02520499  0.02452631  0.02453082  0.02791809  0.03270071  0.03372673  0.03096635  
DEMO_48_1 0.00064988  0.00038223  0.00064985  0.00064985  0.00097498  0.00064985  0.00064985  0.00000000  0.00032486  0.00784464  0.00358202  0.00032752  0.00423583  0.00423516  0.00489049  0.00459752  0.00423583  0.00456167  0.00390881  0.00390881  0.00488961  0.00456228  0.00489049  0.00423516  0.00850260  0.01015914  0.01147132  0.01147276  0.01312734  0.00916767  0.01015942  0.01447629  0.01247116  0.01647199  0.01915107  0.01915129  0.01814388  0.01947764  0.02082356  0.02486503  0.02453445  0.02453010  0.02487378  0.02453010  0.02453445  0.02483475  0.02453445  0.02487378  0.02520877  0.02453010  0.02453445  0.02792220  0.03270610  0.03373263  0.03097174  
DEMO_1_28 0.00032475  0.00000000  0.00032478  0.00032478  0.00064964  0.00032478  0.00032478  0.00032486  0.00000000  0.00751445  0.00325488  0.00000000  0.00390826  0.00390754  0.00456250  0.00426725  0.00390826  0.00423378  0.00358146  0.00358146  0.00456157  0.00423445  0.00456250  0.00390754  0.00817212  0.00982673  0.01113809  0.01113958  0.01279296  0.00883634  0.00982743  0.01414130  0.01213743  0.01612528  0.01881202  0.01881245  0.01780572  0.01913843  0.02048345  0.02452197  0.02412948  0.02413067  0.02453082  0.02412831  0.02412809  0.02448757  0.02412948  0.02453082  0.02486553  0.02412831  0.02413045  0.02757702  0.03235335  0.03337902  0.03062020  
DEMO_25_1 0.00784208  0.00729776  0.00784361  0.00784361  0.00817136  0.00784361  0.00784361  0.00784464  0.00751445  0.00000000  0.00554728  0.00757633  0.00685813  0.00685676  0.00751603  0.00724138  0.00685813  0.00718418  0.00652950  0.00652950  0.00685676  0.00652825  0.00751603  0.00685676  0.00916048  0.01148559  0.01346349  0.01479170  0.01379843  0.01313331  0.01346576  0.01314242  0.01180963  0.01981703  0.01914794  0.01981378  0.01612969  0.01680383  0.01814388  0.01747341  0.01714435  0.01714135  0.01747947  0.01714135  0.01714435  0.01735301  0.01714435  0.01747947  0.01781160  0.01714135  0.01714435  0.02049385  0.02893231  0.02822661  0.02995914  
DEMO_66_1 0.00358085  0.00383096  0.00358146  0.00358146  0.00390754  0.00358146  0.00358146  0.00358202  0.00325488  0.00554728  0.00000000  0.00328158  0.00718315  0.00718184  0.00784105  0.00756885  0.00718315  0.00750931  0.00685453  0.00685453  0.00718184  0.00685332  0.00784105  0.00718184  0.01146976  0.01313547  0.01445028  0.01312684  0.01081033  0.01213974  0.01313643  0.01747628  0.01015609  0.01947764  0.02211029  0.02210558  0.01579466  0.01713570  0.01847665  0.02244110  0.02210342  0.02210462  0.02244185  0.02210241  0.02210212  0.02237885  0.02210342  0.02243962  0.02277832  0.02210241  0.02210433  0.02554952  0.03202347  0.03131274  0.03305423  
DEMO_82_1 0.00032741  0.00000000  0.00032744  0.00032744  0.00065496  0.00032744  0.00032744  0.00032752  0.00000000  0.00757633  0.00328158  0.00000000  0.00394034  0.00393961  0.00459998  0.00430256  0.00394034  0.00426854  0.00361085  0.00361085  0.00459903  0.00426921  0.00459998  0.00393961  0.00823946  0.00990786  0.01123007  0.01123158  0.01289874  0.00691458  0.00790995  0.01224412  0.01023120  0.01424587  0.01693492  0.01693534  0.01591312  0.01726369  0.01861461  0.02261306  0.02227293  0.02227413  0.02261387  0.02227190  0.02227162  0.02255247  0.02227293  0.02261161  0.02295280  0.02227190  0.02227386  0.02574111  0.03086425  0.03155194  0.02912265  
DEMO_87_1 0.00423445  0.00460049  0.00423527  0.00423527  0.00456157  0.00423527  0.00423527  0.00423583  0.00390826  0.00685813  0.00718315  0.00394034  0.00000000  0.00064964  0.00130039  0.00098232  0.00064977  0.00097466  0.00032478  0.00032478  0.00130005  0.00097474  0.00130039  0.00064964  0.00554688  0.00653474  0.00784269  0.01445239  0.01678171  0.01280398  0.01380199  0.01214883  0.01545535  0.02015038  0.01881526  0.02082027  0.02176830  0.02311607  0.02452631  0.02244014  0.02210255  0.02210373  0.02244094  0.02210152  0.02210125  0.02237791  0.02210255  0.02243871  0.02277736  0.02210152  0.02210346  0.02486108  0.03097156  0.03199562  0.02924261  
DEMO_11_2 0.00423378  0.00459949  0.00423445  0.00423445  0.00456079  0.00423445  0.00423445  0.00423516  0.00390754  0.00685676  0.00718184  0.00393961  0.00064964  0.00000000  0.00130005  0.00098208  0.00064964  0.00097474  0.00032475  0.00032475  0.00129986  0.00097466  0.00130005  0.00064967  0.00554547  0.00653396  0.00784196  0.01445028  0.01677915  0.01280145  0.01379913  0.01214620  0.01545434  0.02014685  0.01881202  0.02081668  0.02176731  0.02311496  0.02452197  0.02243907  0.02210152  0.02210269  0.02243990  0.02210048  0.02210023  0.02237684  0.02210152  0.02243767  0.02277627  0.02210048  0.02210243  0.02485679  0.03096635  0.03199057  0.02923800  
DEMO_69_1 0.00488890  0.00498570  0.00488994  0.00488994  0.00521645  0.00488994  0.00488994  0.00489049  0.00456250  0.00751603  0.00784105  0.00459998  0.00130039  0.00130005  0.00000000  0.00163827  0.00130039  0.00162528  0.00097498  0.00097498  0.00195130  0.00162557  0.00195186  0.00130005  0.00620348  0.00719242  0.00850102  0.01511725  0.01745039  0.01346910  0.01446523  0.01281373  0.01611194  0.02082401  0.01948754  0.02143061  0.02244349  0.02379092  0.02520499  0.02311498  0.02277750  0.02277868  0.02311584  0.02277643  0.02277617  0.02306098  0.02277750  0.02311356  0.02345218  0.02277643  0.02277843  0.02553998  0.03166482  0.03268961  0.02993347  
DEMO_64_1 0.00459601  0.00502992  0.00459696  0.00459696  0.00492583  0.00459696  0.00459696  0.00459752  0.00426725  0.00724138  0.00756885  0.00430256  0.00098232  0.00098208  0.00163827  0.00000000  0.00098232  0.00130965  0.00065466  0.00065466  0.00163782  0.00130984  0.00163827  0.00098208  0.00591951  0.00691546  0.00823365  0.01489663  0.01724651  0.01323641  0.01424017  0.01257618  0.01589871  0.02064399  0.01929786  0.02125199  0.02227255  0.02362999  0.02505663  0.02294907  0.02260908  0.02261027  0.02294992  0.02260801  0.02260775  0.02289263  0.02260908  0.02294764  0.02328876  0.02260801  0.02261001  0.02539411  0.03156259  0.03259513  0.02981856  
DEMO_85_1 0.00423445  0.00421558  0.00423527  0.00423527  0.00456157  0.00423527  0.00423527  0.00423583  0.00390826  0.00685813  0.00718315  0.00394034  0.00064977  0.00064964  0.00130039  0.00098232  0.00000000  0.00097466  0.00032478  0.00032478  0.00130005  0.00097474  0.00130039  0.00064964  0.00554688  0.00653474  0.00784269  0.01445239  0.01678171  0.01280398  0.01380199  0.01214883  0.01545535  0.02015038  0.01881526  0.02082027  0.02176830  0.02311607  0.02452631  0.02244014  0.02210255  0.02210373  0.02244094  0.02210152  0.02210125  0.02237791  0.02210255  0.02243871  0.02277736  0.02210152  0.02210346  0.02486108  0.03097156  0.03199562  0.02924261  
DEMO_40_1 0.00456018  0.00459949  0.00456079  0.00456079  0.00488730  0.00456079  0.00456079  0.00456167  0.00423378  0.00718418  0.00750931  0.00426854  0.00097466  0.00097474  0.00162528  0.00130965  0.00097466  0.00000000  0.00064967  0.00064967  0.00162515  0.00129984  0.00162528  0.00097474  0.00587219  0.00686186  0.00817024  0.01478101  0.01711077  0.01313131  0.01412933  0.01247584  0.01578084  0.02047998  0.01914475  0.02109206  0.02210522  0.02345258  0.02485679  0.02277673  0.02243927  0.02244043  0.02277760  0.02243820  0.02243797  0.02271862  0.02243927  0.02277534  0.02311391  0.02243820  0.02244019  0.02519177  0.03130759  0.03233233  0.02957864  
DEMO_2_16 0.00390754  0.00421558  0.00390826  0.00390826  0.00423445  0.00390826  0.00390826  0.00390881  0.00358146  0.00652950  0.00685453  0.00361085  0.00032478  0.00032475  0.00097498  0.00065466  0.00032478  0.00064967  0.00000000  0.00000000  0.00097474  0.00064964  0.00097498  0.00032475  0.00521890  0.00620622  0.00751385  0.01411972  0.01644770  0.01247175  0.01346910  0.01181671  0.01512354  0.01981390  0.01847946  0.02048345  0.02143056  0.02277868  0.02412692  0.02210269  0.02176498  0.02176616  0.02210346  0.02176398  0.02176370  0.02203632  0.02176498  0.02210125  0.02243995  0.02176398  0.02176588  0.02452197  0.03062529  0.03164899  0.02889754  
DEMO_13_1 0.00390754  0.00421558  0.00390826  0.00390826  0.00423445  0.00390826  0.00390826  0.00390881  0.00358146  0.00652950  0.00685453  0.00361085  0.00032478  0.00032475  0.00097498  0.00065466  0.00032478  0.00064967  0.00000000  0.00000000  0.00097474  0.00064964  0.00097498  0.00032475  0.00521890  0.00620622  0.00751385  0.01411972  0.01644770  0.01247175  0.01346910  0.01181671  0.01512354  0.01981390  0.01847946  0.02048345  0.02143056  0.02277868  0.02412692  0.02210269  0.02176498  0.02176616  0.02210346  0.02176398  0.02176370  0.02203632  0.02176498  0.02210125  0.02243995  0.02176398  0.02176588  0.02452197  0.03062529  0.03164899  0.02889754  
DEMO_35_1 0.00488802  0.00536991  0.00488890  0.00488890  0.00521546  0.00488890  0.00488890  0.00488961  0.00456157  0.00685676  0.00718184  0.00459903  0.00130005  0.00129986  0.00195130  0.00163782  0.00130005  0.00162515  0.00097474  0.00097474  0.00000000  0.00097466  0.00195130  0.00129986  0.00620185  0.00719143  0.00850008  0.01511607  0.01677915  0.01346635  0.01446478  0.01281088  0.01545434  0.02082027  0.01948408  0.02143049  0.02176949  0.02311724  0.02452197  0.02244130  0.02210373  0.02210489  0.02244213  0.02210269  0.02210243  0.02237909  0.02210373  0.02243990  0.02277853  0.02210269  0.02210464  0.02485679  0.03165937  0.03199057  0.02992862  
DEMO_36_1 0.00456079  0.00498456  0.00456157  0.00456157  0.00488802  0.00456157  0.00456157  0.00456228  0.00423445  0.00652825  0.00685332  0.00426921  0.00097474  0.00097466  0.00162557  0.00130984  0.00097474  0.00129984  0.00064964  0.00064964  0.00097466  0.00000000  0.00162557  0.00097466  0.00587355  0.00686259  0.00817091  0.01478307  0.01644526  0.01313379  0.01413214  0.01247843  0.01512089  0.02048345  0.01914794  0.02109385  0.02143302  0.02278117  0.02412949  0.02210514  0.02176744  0.02176861  0.02210593  0.02176643  0.02176616  0.02203881  0.02176744  0.02210373  0.02244242  0.02176643  0.02176834  0.02451780  0.03131274  0.03164407  0.02958319  
DEMO_15_1 0.00488890  0.00537121  0.00488994  0.00488994  0.00521645  0.00488994  0.00488994  0.00489049  0.00456250  0.00751603  0.00784105  0.00459998  0.00130039  0.00130005  0.00195186  0.00163827  0.00130039  0.00162528  0.00097498  0.00097498  0.00195130  0.00162557  0.00000000  0.00130005  0.00620348  0.00719242  0.00850102  0.01511722  0.01745039  0.01346910  0.01446521  0.01281373  0.01611191  0.02082401  0.01948754  0.02143056  0.02244344  0.02379087  0.02520499  0.02311492  0.02277745  0.02277863  0.02311578  0.02277638  0.02277612  0.02306093  0.02277745  0.02311350  0.02345212  0.02277638  0.02277838  0.02553998  0.03166482  0.03268961  0.02993347  
DEMO_12_2 0.00423378  0.00459949  0.00423445  0.00423445  0.00456079  0.00423445  0.00423445  0.00423516  0.00390754  0.00685676  0.00718184  0.00393961  0.00064964  0.00064967  0.00130005  0.00098208  0.00064964  0.00097474  0.00032475  0.00032475  0.00129986  0.00097466  0.00130005  0.00000000  0.00554547  0.00653396  0.00784196  0.01445028  0.01677915  0.01280145  0.01379913  0.01214620  0.01545434  0.02014685  0.01881202  0.02081668  0.02176949  0.02311724  0.02452197  0.02244130  0.02210373  0.02210489  0.02244213  0.02210269  0.02210243  0.02237909  0.02210373  0.02243990  0.02277853  0.02210269  0.02210464  0.02485679  0.03096635  0.03199057  0.02923800  
DEMO_57_1 0.00849982  0.00807366  0.00850172  0.00850172  0.00882952  0.00850172  0.00850172  0.00850260  0.00817212  0.00916048  0.01146976  0.00823946  0.00554688  0.00554547  0.00620348  0.00591951  0.00554688  0.00587219  0.00521890  0.00521890  0.00620185  0.00587355  0.00620348  0.00554547  0.00000000  0.00818057  0.01112119  0.01574706  0.01808422  0.01446244  0.01545755  0.01314074  0.01779135  0.02011051  0.01944899  0.02077906  0.02307625  0.02307664  0.02447763  0.02240187  0.02206485  0.02206603  0.02240267  0.02206383  0.02206356  0.02233928  0.02206485  0.02240045  0.02273851  0.02206383  0.02206576  0.02548924  0.03155843  0.03258039  0.02983365  
DEMO_73_1 0.01015582  0.01079961  0.01015731  0.01015731  0.01048651  0.01015731  0.01015731  0.01015914  0.00982673  0.01148559  0.01313547  0.00990786  0.00653474  0.00653396  0.00719242  0.00691546  0.00653474  0.00686186  0.00620622  0.00620622  0.00719143  0.00686259  0.00719242  0.00653396  0.00818057  0.00000000  0.01015079  0.01544492  0.01778549  0.01680937  0.01781441  0.01481449  0.01881516  0.02108750  0.01780895  0.01981093  0.02344718  0.02344760  0.02344659  0.02142234  0.02108429  0.02108550  0.02142299  0.02108337  0.02108304  0.02134761  0.02108429  0.02142083  0.02175970  0.02108337  0.02108517  0.02378353  0.03026411  0.03197980  0.02922818  
DEMO_16_1 0.01146756  0.01312451  0.01146900  0.01146900  0.01179858  0.01146900  0.01146900  0.01147132  0.01113809  0.01346349  0.01445028  0.01123007  0.00784269  0.00784196  0.00850102  0.00823365  0.00784269  0.00817024  0.00751385  0.00751385  0.00850008  0.00817091  0.00850102  0.00784196  0.01112119  0.01015079  0.00000000  0.00716780  0.00946529  0.02014350  0.02109259  0.01881202  0.02081001  0.01410152  0.01145984  0.01343986  0.01443688  0.01575235  0.01709446  0.01509377  0.01476647  0.01476379  0.01509671  0.01476379  0.01476573  0.01494522  0.01476647  0.01509542  0.01542582  0.01476379  0.01476665  0.01742527  0.03088886  0.03190946  0.02916408  
DEMO_77_1 0.01146900  0.01312585  0.01147060  0.01147060  0.01180013  0.01147060  0.01147060  0.01147276  0.01113958  0.01479170  0.01312684  0.01123158  0.01445239  0.01445028  0.01511725  0.01489663  0.01445239  0.01478101  0.01411972  0.01411972  0.01511607  0.01478307  0.01511722  0.01445028  0.01574706  0.01544492  0.00716780  0.00000000  0.00292335  0.01612449  0.01513332  0.01814388  0.01680391  0.00881902  0.00882021  0.00882087  0.01112758  0.00980815  0.00980815  0.01310796  0.01278149  0.01277880  0.01311338  0.01277880  0.01278149  0.01293564  0.01278149  0.01311338  0.01344260  0.01277880  0.01278149  0.01608140  0.03056065  0.03123453  0.02952472  
DEMO_17_1 0.01312303  0.01505866  0.01312486  0.01312486  0.01345504  0.01312486  0.01312486  0.01312734  0.01279296  0.01379843  0.01081033  0.01289874  0.01678171  0.01677915  0.01745039  0.01724651  0.01678171  0.01711077  0.01644770  0.01644770  0.01677915  0.01644526  0.01745039  0.01677915  0.01808422  0.01778549  0.00946529  0.00292335  0.00000000  0.01780266  0.01746765  0.02109916  0.01513644  0.01046434  0.01178862  0.01178962  0.00948029  0.00816412  0.00816412  0.01211835  0.01179230  0.01178962  0.01146106  0.01178962  0.01179230  0.01193424  0.01179230  0.01212375  0.01245254  0.01178962  0.01179230  0.01509792  0.03022721  0.02951916  0.03125247  
DEMO_52_1 0.00916467  0.00383096  0.00916648  0.00916648  0.00949493  0.00916648  0.00916648  0.00916767  0.00883634  0.01313331  0.01213974  0.00691458  0.01280398  0.01280145  0.01346910  0.01323641  0.01280398  0.01313131  0.01247175  0.01247175  0.01346635  0.01313379  0.01346910  0.01280145  0.01446244  0.01680937  0.02014350  0.01612449  0.01780266  0.00000000  0.00162285  0.00586550  0.00586072  0.00782927  0.01178440  0.01046243  0.01475619  0.01078758  0.01210947  0.01607628  0.01574760  0.01574801  0.01607735  0.01574666  0.01574681  0.01593902  0.01574760  0.01607597  0.01642066  0.01574666  0.01574816  0.02102573  0.02641675  0.02471088  0.02470732  
DEMO_58_1 0.01015609  0.00498563  0.01015823  0.01015823  0.01048700  0.01015823  0.01015823  0.01015942  0.00982743  0.01346576  0.01313643  0.00790995  0.01380199  0.01379913  0.01446523  0.01424017  0.01380199  0.01412933  0.01346910  0.01346910  0.01446478  0.01413214  0.01446521  0.01379913  0.01545755  0.01781441  0.02109259  0.01513332  0.01746765  0.00162285  0.00000000  0.00488318  0.00684401  0.00750086  0.01079265  0.00947298  0.01376016  0.01111773  0.01111773  0.01508633  0.01475856  0.01475619  0.01509112  0.01475619  0.01475856  0.01493743  0.01475856  0.01509112  0.01542132  0.01475619  0.01475856  0.02008714  0.02813206  0.02642091  0.02641675  
DEMO_4_3 0.01447090  0.01001853  0.01447112  0.01447037  0.01480081  0.01447112  0.01447109  0.01447629  0.01414130  0.01314242  0.01747628  0.01224412  0.01214883  0.01214620  0.01281373  0.01257618  0.01214883  0.01247584  0.01181671  0.01181671  0.01281088  0.01247843  0.01281373  0.01214620  0.01314074  0.01481449  0.01881202  0.01814388  0.02109916  0.00586550  0.00488318  0.00000000  0.00848594  0.01112482  0.00914957  0.00980287  0.01742171  0.01476340  0.01343493  0.01012910  0.00980166  0.00980060  0.01013126  0.00980060  0.00980166  0.00992052  0.00980166  0.01013126  0.01045981  0.00980060  0.00980166  0.01508912  0.02574889  0.02472679  0.02472288  
DEMO_10_2 0.01246707  0.00807009  0.01246933  0.01246933  0.01279908  0.01246933  0.01246933  0.01247116  0.01213743  0.01180963  0.01015609  0.01023120  0.01545535  0.01545434  0.01611194  0.01589871  0.01545535  0.01578084  0.01512354  0.01512354  0.01545434  0.01512089  0.01611191  0.01545434  0.01779135  0.01881516  0.02081001  0.01680391  0.01513644  0.00586072  0.00684401  0.00848594  0.00000000  0.01244049  0.01244264  0.01178054  0.01144985  0.00881580  0.00881580  0.01210947  0.01178257  0.01178054  0.01211359  0.01178054  0.01178257  0.01192493  0.01178257  0.01211359  0.01244258  0.01178054  0.01178257  0.01708801  0.02609156  0.02330910  0.02779794  
DEMO_65_1 0.01646657  0.01234793  0.01646934  0.01646934  0.01680102  0.01646934  0.01646934  0.01647199  0.01612528  0.01981703  0.01947764  0.01424587  0.02015038  0.02014685  0.02082401  0.02064399  0.02015038  0.02047998  0.01981390  0.01981390  0.02082027  0.02048345  0.02082401  0.02014685  0.02011051  0.02108750  0.01410152  0.00881902  0.01046434  0.00782927  0.00750086  0.01112482  0.01244049  0.00000000  0.00454620  0.00324369  0.00748125  0.00486985  0.00486985  0.00879149  0.00846660  0.00846487  0.00879501  0.00846487  0.00846660  0.00856808  0.00846660  0.00879501  0.00912169  0.00846487  0.00846660  0.01373146  0.02771439  0.02600871  0.02600437  
DEMO_6_2 0.01914475  0.01621648  0.01914794  0.01914794  0.01948078  0.01914794  0.01914794  0.01915107  0.01881202  0.01914794  0.02211029  0.01693492  0.01881526  0.01881202  0.01948754  0.01929786  0.01881526  0.01914475  0.01847946  0.01847946  0.01948408  0.01914794  0.01948754  0.01881202  0.01944899  0.01780895  0.01145984  0.00882021  0.01178862  0.01178440  0.01079265  0.00914957  0.01244264  0.00454620  0.00000000  0.00194395  0.00945160  0.00683136  0.00552331  0.00552331  0.00519895  0.00519781  0.00552564  0.00519781  0.00519895  0.00526104  0.00519895  0.00552564  0.00585119  0.00519781  0.00519895  0.01043910  0.02568483  0.02466531  0.02466092  
DEMO_43_1 0.01914496  0.01544699  0.01914848  0.01914848  0.01948110  0.01914848  0.01914848  0.01915129  0.01881245  0.01981378  0.02210558  0.01693534  0.02082027  0.02081668  0.02143061  0.02125199  0.02082027  0.02109206  0.02048345  0.02048345  0.02143049  0.02109385  0.02143056  0.02081668  0.02077906  0.01981093  0.01343986  0.00882087  0.01178962  0.01046243  0.00947298  0.00980287  0.01178054  0.00324369  0.00194395  0.00000000  0.00813841  0.00552384  0.00421878  0.00617277  0.00584810  0.00584706  0.00617490  0.00584706  0.00584810  0.00591819  0.00584810  0.00617490  0.00650066  0.00584706  0.00584810  0.01109050  0.02635037  0.02533039  0.02532611  
DEMO_67_1 0.01813790  0.01389670  0.01814107  0.01814107  0.01847336  0.01814107  0.01814107  0.01814388  0.01780572  0.01612969  0.01579466  0.01591312  0.02176830  0.02176731  0.02244349  0.02227255  0.02176830  0.02210522  0.02143056  0.02143056  0.02176949  0.02143302  0.02244344  0.02176949  0.02307625  0.02344718  0.01443688  0.01112758  0.00948029  0.01475619  0.01376016  0.01742171  0.01144985  0.00748125  0.00945160  0.00813841  0.00000000  0.00454473  0.00389304  0.00846487  0.00814019  0.00813841  0.00846849  0.00813841  0.00814019  0.00823763  0.00814019  0.00846849  0.00879501  0.00813841  0.00814019  0.01208534  0.02910336  0.02635500  0.02943581  
DEMO_23_1 0.01947122  0.01582787  0.01947435  0.01947435  0.01980724  0.01947435  0.01947435  0.01947764  0.01913843  0.01680383  0.01713570  0.01726369  0.02311607  0.02311496  0.02379092  0.02362999  0.02311607  0.02345258  0.02277868  0.02277868  0.02311724  0.02278117  0.02379087  0.02311724  0.02307664  0.02344760  0.01575235  0.00980815  0.00816412  0.01078758  0.01111773  0.01476340  0.00881580  0.00486985  0.00683136  0.00552384  0.00454473  0.00000000  0.00194427  0.00584929  0.00552525  0.00552384  0.00585215  0.00552384  0.00552525  0.00559106  0.00552525  0.00585215  0.00617765  0.00552384  0.00552525  0.01076752  0.02636478  0.02290041  0.02738172  
DEMO_29_1 0.02081668  0.01703806  0.02082027  0.02082027  0.02109166  0.02082027  0.02082027  0.02082356  0.02048345  0.01814388  0.01847665  0.01861461  0.02452631  0.02452197  0.02520499  0.02505663  0.02452631  0.02485679  0.02412692  0.02412692  0.02452197  0.02412949  0.02520499  0.02452197  0.02447763  0.02344659  0.01709446  0.00980815  0.00816412  0.01210947  0.01111773  0.01343493  0.00881580  0.00486985  0.00552331  0.00421878  0.00389304  0.00194427  0.00000000  0.00454380  0.00421976  0.00421878  0.00454581  0.00421878  0.00421976  0.00427005  0.00421976  0.00454581  0.00487088  0.00421878  0.00421976  0.00945042  0.02636478  0.02357873  0.02806737  
DEMO_78_1 0.02485679  0.02205830  0.02486108  0.02486108  0.02519601  0.02486108  0.02486108  0.02486503  0.02452197  0.01747341  0.02244110  0.02261306  0.02244014  0.02243907  0.02311498  0.02294907  0.02244014  0.02277673  0.02210269  0.02210269  0.02244130  0.02210514  0.02311492  0.02244130  0.02240187  0.02142234  0.01509377  0.01310796  0.01211835  0.01607628  0.01508633  0.01012910  0.01210947  0.00879149  0.00552331  0.00617277  0.00846487  0.00584929  0.00454380  0.00000000  0.00097087  0.00097095  0.00129481  0.00097095  0.00097087  0.00098272  0.00097087  0.00129481  0.00161883  0.00097095  0.00097087  0.00617277  0.02499816  0.02222544  0.02669701  
DEMO_61_1 0.02452631  0.02166187  0.02453082  0.02453082  0.02486553  0.02453082  0.02453082  0.02453445  0.02412948  0.01714435  0.02210342  0.02227293  0.02210255  0.02210152  0.02277750  0.02260908  0.02210255  0.02243927  0.02176498  0.02176498  0.02210373  0.02176744  0.02277745  0.02210373  0.02206485  0.02108429  0.01476647  0.01278149  0.01179230  0.01574760  0.01475856  0.00980166  0.01178257  0.00846660  0.00519895  0.00584810  0.00814019  0.00552525  0.00421976  0.00097087  0.00000000  0.00064712  0.00097119  0.00064712  0.00064725  0.00065496  0.00064725  0.00097119  0.00129500  0.00064712  0.00064725  0.00584810  0.02466637  0.02188593  0.02636478  
DEMO_72_1 0.02452197  0.02166326  0.02452631  0.02452631  0.02486108  0.02452631  0.02452631  0.02453010  0.02413067  0.01714135  0.02210462  0.02227413  0.02210373  0.02210269  0.02277868  0.02261027  0.02210373  0.02244043  0.02176616  0.02176616  0.02210489  0.02176861  0.02277863  0.02210489  0.02206603  0.02108550  0.01476379  0.01277880  0.01178962  0.01574801  0.01475619  0.00980060  0.01178054  0.00846487  0.00519781  0.00584706  0.00813841  0.00552384  0.00421878  0.00097095  0.00064712  0.00000000  0.00097095  0.00064714  0.00064712  0.00065499  0.00064712  0.00097095  0.00129481  0.00064714  0.00064712  0.00584706  0.02466165  0.02188713  0.02635981  
DEMO_37_1 0.02486553  0.02205919  0.02487016  0.02487016  0.02520499  0.02487016  0.02487016  0.02487378  0.02453082  0.01747947  0.02244185  0.02261387  0.02244094  0.02243990  0.02311584  0.02294992  0.02244094  0.02277760  0.02210346  0.02210346  0.02244213  0.02210593  0.02311578  0.02244213  0.02240267  0.02142299  0.01509671  0.01311338  0.01146106  0.01607735  0.01509112  0.01013126  0.01211359  0.00879501  0.00552564  0.00617490  0.00846849  0.00585215  0.00454581  0.00129481  0.00097119  0.00097095  0.00000000  0.00097095  0.00097119  0.00098272  0.00097119  0.00129534  0.00161925  0.00097095  0.00097119  0.00617490  0.02500768  0.02222621  0.02670702  
DEMO_76_1 0.02452197  0.02166071  0.02452631  0.02452631  0.02486108  0.02452631  0.02452631  0.02453010  0.02412831  0.01714135  0.02210241  0.02227190  0.02210152  0.02210048  0.02277643  0.02260801  0.02210152  0.02243820  0.02176398  0.02176398  0.02210269  0.02176643  0.02277638  0.02210269  0.02206383  0.02108337  0.01476379  0.01277880  0.01178962  0.01574666  0.01475619  0.00980060  0.01178054  0.00846487  0.00519781  0.00584706  0.00813841  0.00552384  0.00421878  0.00097095  0.00064712  0.00064714  0.00097095  0.00000000  0.00064712  0.00065499  0.00064712  0.00097095  0.00129481  0.00064714  0.00064712  0.00584706  0.02466165  0.02188493  0.02635981  
DEMO_8_2 0.02452631  0.02166037  0.02453082  0.02453082  0.02486553  0.02453082  0.02453082  0.02453445  0.02412809  0.01714435  0.02210212  0.02227162  0.02210125  0.02210023  0.02277617  0.02260775  0.02210125  0.02243797  0.02176370  0.02176370  0.02210243  0.02176616  0.02277612  0.02210243  0.02206356  0.02108304  0.01476573  0.01278149  0.01179230  0.01574681  0.01475856  0.00980166  0.01178257  0.00846660  0.00519895  0.00584810  0.00814019  0.00552525  0.00421976  0.00097087  0.00064725  0.00064712  0.00097119  0.00064712  0.00000000  0.00065496  0.00064725  0.00097119  0.00129500  0.00064712  0.00064725  0.00584810  0.02466637  0.02188464  0.02636478  
DEMO_32_1 0.02482641  0.02197959  0.02483086  0.02483086  0.02516983  0.02483086  0.02483086  0.02483475  0.02448757  0.01735301  0.02237885  0.02255247  0.02237791  0.02237684  0.02306098  0.02289263  0.02237791  0.02271862  0.02203632  0.02203632  0.02237909  0.02203881  0.02306093  0.02237909  0.02233928  0.02134761  0.01494522  0.01293564  0.01193424  0.01593902  0.01493743  0.00992052  0.01192493  0.00856808  0.00526104  0.00591819  0.00823763  0.00559106  0.00427005  0.00098272  0.00065496  0.00065499  0.00098272  0.00065499  0.00065496  0.00000000  0.00065496  0.00098272  0.00131051  0.00065499  0.00065496  0.00591819  0.02496959  0.02216022  0.02668936  
DEMO_26_1 0.02452631  0.02126541  0.02453082  0.02453082  0.02486553  0.02453082  0.02453082  0.02453445  0.02412948  0.01714435  0.02210342  0.02227293  0.02210255  0.02210152  0.02277750  0.02260908  0.02210255  0.02243927  0.02176498  0.02176498  0.02210373  0.02176744  0.02277745  0.02210373  0.02206485  0.02108429  0.01476647  0.01278149  0.01179230  0.01574760  0.01475856  0.00980166  0.01178257  0.00846660  0.00519895  0.00584810  0.00814019  0.00552525  0.00421976  0.00097087  0.00064725  0.00064712  0.00097119  0.00064712  0.00064725  0.00065496  0.00000000  0.00097119  0.00129500  0.00064712  0.00064725  0.00584810  0.02466637  0.02188593  0.02636478  
DEMO_14_1 0.02486553  0.02205660  0.02487016  0.02487016  0.02520499  0.02487016  0.02487016  0.02487378  0.02453082  0.01747947  0.02243962  0.02261161  0.02243871  0.02243767  0.02311356  0.02294764  0.02243871  0.02277534  0.02210125  0.02210125  0.02243990  0.02210373  0.02311350  0.02243990  0.02240045  0.02142083  0.01509542  0.01311338  0.01212375  0.01607597  0.01509112  0.01013126  0.01211359  0.00879501  0.00552564  0.00617490  0.00846849  0.00585215  0.00454581  0.00129481  0.00097119  0.00097095  0.00129534  0.00097095  0.00097119  0.00098272  0.00097119  0.00000000  0.00161925  0.00097095  0.00097119  0.00617490  0.02500768  0.02222398  0.02670702  
DEMO_51_1 0.02520041  0.02245414  0.02520499  0.02520499  0.02553998  0.02520499  0.02520499  0.02520877  0.02486553  0.01781160  0.02277832  0.02295280  0.02277736  0.02277627  0.02345218  0.02328876  0.02277736  0.02311391  0.02243995  0.02243995  0.02277853  0.02244242  0.02345212  0.02277853  0.02273851  0.02175970  0.01542582  0.01344260  0.01245254  0.01642066  0.01542132  0.01045981  0.01244258  0.00912169  0.00585119  0.00650066  0.00879501  0.00617765  0.00487088  0.00161883  0.00129500  0.00129481  0.00161925  0.00129481  0.00129500  0.00131051  0.00129500  0.00161925  0.00000000  0.00129481  0.00129500  0.00650066  0.02534426  0.02256449  0.02704428  
DEMO_84_1 0.02452197  0.02166071  0.02452631  0.02452631  0.02486108  0.02452631  0.02452631  0.02453010  0.02412831  0.01714135  0.02210241  0.02227190  0.02210152  0.02210048  0.02277643  0.02260801  0.02210152  0.02243820  0.02176398  0.02176398  0.02210269  0.02176643  0.02277638  0.02210269  0.02206383  0.02108337  0.01476379  0.01277880  0.01178962  0.01574666  0.01475619  0.00980060  0.01178054  0.00846487  0.00519781  0.00584706  0.00813841  0.00552384  0.00421878  0.00097095  0.00064712  0.00064714  0.00097095  0.00064714  0.00064712  0.00065499  0.00064712  0.00097095  0.00129481  0.00000000  0.00064712  0.00584706  0.02466165  0.02188493  0.02635981  
DEMO_86_1 0.02452631  0.02166293  0.02453082  0.02453082  0.02486553  0.02453082  0.02453082  0.02453445  0.02413045  0.01714435  0.02210433  0.02227386  0.02210346  0.02210243  0.02277843  0.02261001  0.02210346  0.02244019  0.02176588  0.02176588  0.02210464  0.02176834  0.02277838  0.02210464  0.02206576  0.02108517  0.01476665  0.01278149  0.01179230  0.01574816  0.01475856  0.00980166  0.01178257  0.00846660  0.00519895  0.00584810  0.00814019  0.00552525  0.00421976  0.00097087  0.00064725  0.00064712  0.00097119  0.00064712  0.00064725  0.00065496  0.00064725  0.00097119  0.00129500  0.00064712  0.00000000  0.00584810  0.02466637  0.02188684  0.02636478  
DEMO_38_1 0.02791292  0.02094775  0.02791809  0.02791809  0.02825411  0.02791809  0.02791809  0.02792220  0.02757702  0.02049385  0.02554952  0.02574111  0.02486108  0.02485679  0.02553998  0.02539411  0.02486108  0.02519177  0.02452197  0.02452197  0.02485679  0.02451780  0.02553998  0.02485679  0.02548924  0.02378353  0.01742527  0.01608140  0.01509792  0.02102573  0.02008714  0.01508912  0.01708801  0.01373146  0.01043910  0.01109050  0.01208534  0.01076752  0.00945042  0.00617277  0.00584810  0.00584706  0.00617490  0.00584706  0.00584810  0.00591819  0.00584810  0.00617490  0.00650066  0.00584706  0.00584810  0.00000000  0.01924662  0.01856824  0.02093095  
DEMO_45_1 0.03235335  0.02468328  0.03270071  0.03270071  0.03304254  0.03270071  0.03270071  0.03270610  0.03235335  0.02893231  0.03202347  0.03086425  0.03097156  0.03096635  0.03166482  0.03156259  0.03097156  0.03130759  0.03062529  0.03062529  0.03165937  0.03131274  0.03166482  0.03096635  0.03155843  0.03026411  0.03088886  0.03056065  0.03022721  0.02641675  0.02813206  0.02574889  0.02609156  0.02771439  0.02568483  0.02635037  0.02910336  0.02636478  0.02636478  0.02499816  0.02466637  0.02466165  0.02500768  0.02466165  0.02466637  0.02496959  0.02466637  0.02500768  0.02534426  0.02466165  0.02466637  0.01924662  0.00000000  0.00721999  0.00623088  
DEMO_5_2 0.03337902  0.02507957  0.03372673  0.03372673  0.03406909  0.03372673  0.03372673  0.03373263  0.03337902  0.02822661  0.03131274  0.03155194  0.03199562  0.03199057  0.03268961  0.03259513  0.03199562  0.03233233  0.03164899  0.03164899  0.03199057  0.03164407  0.03268961  0.03199057  0.03258039  0.03197980  0.03190946  0.03123453  0.02951916  0.02471088  0.02642091  0.02472679  0.02330910  0.02600871  0.02466531  0.02533039  0.02635500  0.02290041  0.02357873  0.02222544  0.02188593  0.02188713  0.02222621  0.02188493  0.02188464  0.02216022  0.02188593  0.02222398  0.02256449  0.02188493  0.02188684  0.01856824  0.00721999  0.00000000  0.00491397  
DEMO_18_1 0.03062020  0.02220719  0.03096635  0.03096635  0.03130759  0.03096635  0.03096635  0.03097174  0.03062020  0.02995914  0.03305423  0.02912265  0.02924261  0.02923800  0.02993347  0.02981856  0.02924261  0.02957864  0.02889754  0.02889754  0.02992862  0.02958319  0.02993347  0.02923800  0.02983365  0.02922818  0.02916408  0.02952472  0.03125247  0.02470732  0.02641675  0.02472288  0.02779794  0.02600437  0.02466092  0.02532611  0.02943581  0.02738172  0.02806737  0.02669701  0.02636478  0.02635981  0.02670702  0.02635981  0.02636478  0.02668936  0.02636478  0.02670702  0.02704428  0.02635981  0.02636478  0.02093095  0.00623088  0.00491397  0.00000000  

. Maximizing likelihood (using NNI moves)...

. (    1 sec) [     -6974.2467] [GTR parameters     ]
. (    2 sec) [     -6754.7693] [Alpha              ][  0.010035]
. (    2 sec) [     -6754.7693] [P-inv              ][  0.581263]
. (    2 sec) [     -6754.1565] [Nucleotide freqs.  ]
. (    3 sec) [     -6754.1565] [Topology           ]
. (    3 sec) [     -6735.9186] [Topology           ]
. (    3 sec) [     -6730.1911] [Topology           ]
. (    3 sec) [     -6724.5117] [Topology           ]
. (    4 sec) [     -6720.5308] [Topology           ]
. (    4 sec) [     -6717.6247] [Topology           ]
. (    4 sec) [     -6717.2848] [Topology           ]
. (    5 sec) [     -6717.2292] [Topology           ]
. (    5 sec) [     -6717.2182] [Topology           ]
. (    5 sec) [     -6717.2156] [Topology           ]

. Checking for NNIs, optimizing five branches...

. (    9 sec) [     -6712.4933] [Topology           ]
. (    9 sec) [     -6711.9341] [GTR parameters     ]
. (   11 sec) [     -6701.7447] [Alpha              ][  0.921110]
. (   11 sec) [     -6701.7447] [P-inv              ][  0.900000]
. (   12 sec) [     -6701.5135] [Nucleotide freqs.  ]
. (   12 sec) [     -6701.5135] [Topology           ]
. (   12 sec) [     -6701.5124] [Topology           ]
